INDICES 301 '

uclibdena 2644 26811 21644,4441114(444111449) similia 6314,
4411144114(14411114144449)2696 444 absimile 404
palpebra 2844, palpebrum 23 444444444844444414144111414
11, 14, 14, 46, 41 241 4614 161
pascua: 624 6814 696, acub. spurcitia: 144 3444 6641 661
941416 6144 13914 11311, -44 614
planitia: 2114 40414 4114 63 44 11811 140 44 23614,
pustulae 6111 16814, pustu· spurcitias 1144114. 114
14142116 44443441446414148441626 ,
resina: 404 44 2614 21214, 14· 16614, stranguiribus 130 14
41114 301,4 26141 2664 412 114344114114444114) 2624, 114-
11, 14 280 44 4411114604, -414 4634141411
rcdcdafuen bene tusum 2114 [26614]
14144 41611, ruti 1136 trigonita 11616 2464 448 41
sauia: 364 40611 aa 41116· 41441 49414, trigoniten (tri-
-4111 364 20114 4441144) 439 41 4611 464 4, ao
scabie: 186 44 1964241 4 26844, 26644 261[4],4 413 14,14,[14],
scabies 63 41, scabiem 6314 41, -414 26614 .
26844 2691,4 2921 23644, ’

SEGVNDA DEGLINATIO.

1144441144. sextarios 23344, sextaria 16444

4114 461. 1144 681844, 444 121 (uterus) 111 Uin 681

= armentis, 16· 41111414 346 1444

1416, armus 1414 Neutra

4111411144 344 181441114414 41414144442414 (4114111441Ἤ)
13641 bdelii 26314, 44 4644 26641,
4444142131, cancer 1441411. 416 11141114 262 44, cf. 1114114331
11,44,41 22144 21114 21146 26144. 4114.

(2904611441. 4144444 102 44 441411 (44444) 2644

44444144 1134, 14, quod cau· 4111444 ,1144 46 44 82 11 121 16
441414 6314 1421411211414144481604
ciclus 1444, hoc ciclum 1614 1611 1024, 46 233 44, 46 46
4141444411141114411441414 1314 434 6144 61 46 11646 12144
4444441144, 444444 2264,6(44 4411111414 1414141441 213 11, 41
ccci.) ’ saepe ’44, 1141111144 21841
cupressum 11444. 48214 (44111114)44111111144412864
ficus: 8114(24644),41141144 4411114414..ᾳυί 864

4614 491 811 9114 dorsu abl. 4011

lumbrici: 6214 6141 1141, 44 folium: 13644 262126314 264
11014 1344 14414, lumbrici· 1142614 211423646, 1411414
14413044 1344 14414 1464 16911231414114411042624
noda plwr 1441, nodos 1446 14144428414, 1428611444.)
quartarios 26144, quartaria 1414411444644110141414411-
singula 28011 4414 64 44 (1), cf. stentinum

 

