12222 2222422222.

abrotanum: 494 942 9612 1262 aes: ustum 60 21 217 2 26826
12712 1286 26022 2612226622 26222 26362 2644, 16 al. 222
2021118(11)1111122 6126 932 1066 ustum 1121166112 2921 222
13616 14422 16624 26414 combustum 1762227824 aeris
1 Ponticum 60126822 222261·- flos 26814, 22 2664 2701222 2
oum 942 2111212 26922 2792,12,21,22 2801628122 4
2626122 213 26 244 2, 16 247 22 22212 22612122262622221) 28026

nigra 17722 rufa 60 26 19621 2126111224 16616 196 22

· [2222222 21321] 21126211261226642116218216722
acetum: 22222122 Alexandrinum 2216211112 283 22, -um (1) 9626
27026 album 8826 23242121 Ponticum: 26622
acorum: 1272 263 26 2676 2222212222 (-- 692216222) 26322
Ponticum 16716 2612 2622 27316 c. 6402.

26312 266 22 26716 alcionium: 248 26

adame: 11612 16122 18712 algallicum: 7312 766 19322
2242 2686 26024 20314 22116 28822 2222111-
adeps: 28222 recens 19421 6122228222 1336 13821662
anserinus 26722 26121 26326 189 26 (221- trad.) 200 22 2134
2621122262210261122224924 264 22 26616 2712 29422
gallinacius 24914 26112 122- 2116160211161411228621, idem
s ninus 26726269626122 27124 2662721222 0211122122,2.11221ί
ovillus 24426 porcinus 29822 ad Pelaq. 71

suillus 16612 16622 169 22 2212211122 6, 2122321112

16012 16616 18322 244 16, 12 alica: 732 29622 (ex 6622.)
246 6, 12 2766, 22 2912 2942 alium: 1212612726137212012
29612 taurinus 1662 26126 (2161 wad.) 2862 28922 (corr.)
2631222 2642 26622 26716, 22 Of. algallicum

22212222 246 6, 2, 22 2694 26122 211222 2176

26222 27126 Of. 26222 p. 302 aloe: 247 26 26426 27121 2719
aeruca: 26824 16,12 28722 29126 212221111-
aerugo: 19826 2172 26812 268 cum 28122

16, 22 269 4, 26, 26, 22 al. 2222- [2122222622 27212 6122202226]
ginis flos 1754‚s 2686 28121 alternum: 27227 adn.
aeruginis 1162122 280 22 2832 alumen: 44 22 97 26 1606 2011

 

